0 52 3264 1
1 24 3823 1
2 39 378 1
3 47 4464 1
4 50 3340 1
5 79 2762 1
6 73 3744 1
7 63 4535 1
8 50 1354 1
9 75 3420 1
10 78 3462 1
11 33 2179 1
12 71 3847 1
13 35 1846 1
14 69 2875 1
15 27 4067 1
16 34 2122 1
17 64 3513 1
18 30 2703 1
19 23 3312 1
20 53 2173 1
21 32 1053 1
22 35 3488 1
23 38 4355 1
24 63 2851 1
25 52 4195 1
26 37 3040 1
27 40 4450 1
28 76 3587 1
29 25 2246 1
30 51 3604 1
31 18 212 1
32 61 922 1
33 79 2564 1
34 79 782 1
35 25 3738 1
36 37 1282 1
37 21 3333 1
38 73 534 1
39 23 269 1
40 50 872 1
41 32 4784 1
42 47 3703 1
43 33 3473 1
44 62 1168 1
45 41 588 1
46 73 4399 1
47 35 601 1
48 61 464 1
49 52 2941 1
50 69 365 1
51 57 2102 1
52 68 4415 1
53 68 1829 1
54 52 2047 1
55 72 3629 1
56 68 1876 1
57 23 4980 1
58 38 2444 1
59 23 508 1
60 73 3666 1
61 80 3816 1
62 20 4784 1
63 25 4363 1
64 60 1019 1
65 73 3337 1
66 79 4215 1
67 25 325 1
68 30 1773 1
69 27 759 1
70 41 2044 1
71 77 4784 1
72 27 460 1
73 47 945 1
74 24 4784 1
75 65 379 1
76 63 1562 1
77 76 2583 1
78 58 4093 1
79 18 3896 1
80 22 431 1
81 58 1232 1
82 71 2275 1
83 28 804 1
84 75 2091 1
85 67 3382 1
86 23 1328 1
87 40 2482 1
88 50 2404 1
89 56 819 1
90 67 4338 1
91 24 1984 1
92 45 1411 1
93 26 2897 1
94 23 2358 1
95 79 1582 1
96 47 4856 1
97 72 2210 1
98 74 376 1
99 28 578 1
100 38 3931 1
101 22 1938 1
102 52 1839 1
103 25 1340 1
104 59 2956 1
105 73 4404 1
106 42 3989 1
107 61 1770 1
108 30 1737 1
109 75 4285 1
110 39 452 1
111 63 2336 1
112 27 3443 1
113 31 1195 1
114 74 2077 1
115 62 2452 1
116 61 3774 1
117 66 209 1
118 31 1625 1
119 51 676 1
120 18 3312 2
121 35 3166 2
122 19 3716 2
123 30 3197 2
124 60 2962 2
125 21 3173 2
126 37 3523 2
127 72 3027 2
128 26 4777 2
129 26 3227 2
130 47 2210 2
131 30 4895 2
132 66 4348 2
133 39 938 2
134 78 1608 2
135 44 2512 2
136 48 3590 2
137 23 2084 2
138 72 2936 2
139 58 1246 2
140 51 4960 2
141 22 2401 2
142 49 3899 2
143 52 702 2
144 60 4392 2
145 58 1819 2
146 29 3771 2
147 45 4890 2
148 42 4582 2
149 57 481 2
150 31 1193 2
151 31 339 2
152 73 565 2
153 27 4511 2
154 19 2589 2
155 79 2561 2
156 22 712 2
157 43 4685 2
158 54 1556 2
159 23 4447 2
160 56 816 2
161 18 4818 2
162 53 1869 2
163 52 3669 2
164 51 855 2
165 38 3637 2
166 69 2306 2
167 35 1144 2
168 49 441 2
169 61 4895 2
170 22 1008 2
171 68 4525 2
172 75 988 2
173 25 283 2
174 57 484 2
175 38 741 2
176 45 346 2
177 76 4012 2
178 32 924 2
179 61 3282 2
180 40 3615 2
181 74 4024 2
182 80 588 2
183 66 4524 2
184 57 2695 2
185 77 4740 2
186 64 1459 2
187 61 222 2
188 48 945 2
189 31 3872 2
190 20 2892 2
191 63 3621 2
192 77 1208 2
193 56 4683 2
194 36 552 2
195 62 4159 2
196 34 633 2
197 54 3464 2
198 22 253 2
199 79 1390 2
200 66 1752 2
201 41 4744 2
202 31 4114 2
203 72 2771 2
204 67 284 2
205 74 3087 2
206 18 2319 2
207 49 1140 2
208 20 1670 2
209 19 2302 2
210 77 1518 2
211 34 4149 2
212 76 2447 2
213 31 1934 2
214 62 2979 2
215 64 2632 2
216 49 2804 2
217 38 1793 2
218 56 1088 2
219 62 4399 2
220 67 3582 2
221 36 912 2
222 52 4559 2
223 32 4650 2
224 21 979 2
225 39 2036 2
226 58 4522 2
227 25 2699 2
228 27 52 2
229 64 1038 2
230 56 62 2
231 21 3700 2
232 31 3168 2
233 50 2508 2
234 37 2055 2
235 30 1139 2
236 59 3417 2
237 30 192 2
238 21 3669 2
239 45 605 2
240 27 858 3
241 68 4215 3
242 70 1278 3
243 73 249 3
244 26 2817 3
245 47 1145 3
246 73 2313 3
247 70 3012 3
248 72 1051 3
249 66 3560 3
250 57 3102 3
251 76 1115 3
252 24 769 3
253 69 1116 3
254 72 99 3
255 67 4921 3
256 36 100 3
257 34 3044 3
258 66 3452 3
259 37 3223 3
260 63 1177 3
261 69 2274 3
262 41 3367 3
263 49 4336 3
264 57 2027 3
265 23 3232 3
266 46 875 3
267 74 150 3
268 28 1892 3
269 73 3657 3
270 62 1625 3
271 69 1678 3
272 67 2661 3
273 73 3126 3
274 43 4165 3
275 37 1963 3
276 26 3368 3
277 39 4385 3
278 71 667 3
279 49 3490 3
280 45 1942 3
281 18 2744 3
282 27 3107 3
283 72 362 3
284 37 4924 3
285 52 536 3
286 41 790 3
287 22 3225 3
288 33 779 3
289 74 3795 3
290 46 2863 3
291 27 416 3
292 36 4639 3
293 55 1225 3
294 63 3045 3
295 67 4476 3
296 23 4396 3
297 27 1066 3
298 23 2712 3
299 68 3780 3
300 31 4588 3
301 24 4588 3
302 35 2926 3
303 53 497 3
304 45 4952 3
305 50 3860 3
306 51 890 3
307 44 3416 3
308 28 473 3
309 67 472 3
310 76 1444 3
311 28 1035 3
312 18 725 3
313 20 2181 3
314 28 4591 3
315 56 3475 3
316 51 1351 3
317 66 1920 3
318 31 1056 3
319 55 928 3
320 80 1572 3
321 69 4568 3
322 43 82 3
323 20 1398 3
324 67 2945 3
325 45 1104 3
326 35 4473 3
327 19 3420 3
328 78 1222 3
329 26 3494 3
330 79 1139 3
331 55 793 3
332 34 3547 3
333 61 4118 3
334 50 4564 3
335 66 1676 3
336 51 348 3
337 48 880 3
338 73 2192 3
339 38 4337 3
340 39 4295 3
341 61 1899 3
342 75 543 3
343 61 1058 3
344 44 531 3
345 49 4800 3
346 31 75 3
347 79 2094 3
348 72 1909 3
349 67 1219 3
350 79 2455 3
351 42 4397 3
352 39 3931 3
353 42 1182 3
354 52 3946 3
355 80 3962 3
356 70 1048 3
357 64 1084 3
358 51 2815 3
359 34 1115 3
360 72 740 4
361 61 4925 4
362 34 740 4
363 65 3766 4
364 25 4146 4
365 73 2812 4
366 37 588 4
367 67 2181 4
368 75 3123 4
369 38 4799 4
370 64 2045 4
371 72 4570 4
372 30 1226 4
373 50 1694 4
374 47 3827 4
375 37 3570 4
376 37 4918 4
377 20 3687 4
378 75 3038 4
379 46 897 4
380 19 2834 4
381 51 4638 4
382 38 1254 4
383 18 325 4
384 44 1960 4
385 80 1650 4
386 66 1806 4
387 64 2452 4
388 66 4313 4
389 77 2512 4
390 36 365 4
391 65 4038 4
392 61 525 4
393 73 3876 4
394 66 4313 4
395 25 66 4
396 20 466 4
397 69 1510 4
398 29 1819 4
399 78 2192 4
400 18 1299 4
401 26 1495 4
402 20 4580 4
403 71 3666 4
404 28 4791 4
405 27 2562 4
406 68 4387 4
407 64 3475 4
408 56 3591 4
409 35 3990 4
410 28 4007 4
411 18 1533 4
412 29 341 4
413 62 3650 4
414 18 4752 4
415 65 2081 4
416 48 1701 4
417 63 2968 4
418 18 3880 4
419 48 4442 4
420 59 1659 4
421 47 2796 4
422 39 3682 4
423 37 3050 4
424 45 3836 4
425 32 3138 4
426 30 3851 4
427 29 794 4
428 69 3167 4
429 25 117 4
430 59 3233 4
431 22 2441 4
432 36 2830 4
433 66 3275 4
434 42 3976 4
435 29 2741 4
436 45 1362 4
437 70 2494 4
438 22 4881 4
439 40 248 4
440 59 3634 4
441 36 930 4
442 24 2949 4
443 21 4919 4
444 37 1307 4
445 47 2280 4
446 30 3046 4
447 50 3859 4
448 43 2448 4
449 71 1456 4
450 46 503 4
451 78 856 4
452 53 4951 4
453 52 3764 4
454 58 4392 4
455 39 4313 4
456 18 500 4
457 25 2936 4
458 59 3126 4
459 54 3199 4
460 55 3349 4
461 20 1630 4
462 40 2135 4
463 42 4966 4
464 33 2168 4
465 52 1711 4
466 46 3035 4
467 31 2047 4
468 41 375 4
469 72 2514 4
470 40 3937 4
471 48 3717 4
472 26 2048 4
473 54 1568 4
474 74 3220 4
475 58 3968 4
476 66 298 4
477 37 741 4
478 68 237 4
479 43 1164 4
480 20 4743 5
481 63 3860 5
482 60 1232 5
483 71 2896 5
484 31 657 5
485 25 3952 5
486 28 2646 5
487 60 38 5
488 48 714 5
489 75 2414 5
490 22 434 5
491 22 1966 5
492 52 2589 5
493 52 3372 5
494 45 2532 5
495 55 3270 5
496 52 4378 5
497 71 3038 5
498 32 4397 5
499 18 1315 5
500 46 45 5
501 43 262 5
502 54 3180 5
503 18 3185 5
504 79 4372 5
505 35 4680 5
506 70 3550 5
507 58 951 5
508 59 4654 5
509 63 1054 5
510 38 3874 5
511 52 379 5
512 24 756 5
513 67 4982 5
514 61 3880 5
515 20 4726 5
516 47 2931 5
517 56 2077 5
518 33 1739 5
519 36 3190 5
520 53 1343 5
521 26 2052 5
522 37 2043 5
523 62 1819 5
524 62 3156 5
525 25 1167 5
526 31 1403 5
527 48 4080 5
528 29 2512 5
529 54 2072 5
530 21 4537 5
531 58 2294 5
532 39 2240 5
533 49 139 5
534 20 266 5
535 42 4359 5
536 21 2818 5
537 41 2329 5
538 18 669 5
539 75 2575 5
540 38 3745 5
541 61 1138 5
542 35 754 5
543 79 577 5
544 63 98 5
545 51 3766 5
546 44 3657 5
547 29 1299 5
548 42 4727 5
549 52 2091 5
550 30 2996 5
551 20 1217 5
552 26 3017 5
553 35 210 5
554 77 1471 5
555 58 4507 5
556 40 4282 5
557 58 979 5
558 56 2880 5
559 34 4919 5
560 74 2497 5
561 73 4143 5
562 22 3757 5
563 35 4801 5
564 23 3786 5
565 70 2983 5
566 46 2141 5
567 30 1598 5
568 76 2392 5
569 66 3311 5
570 66 914 5
571 22 4804 5
572 67 4554 5
573 47 3278 5
574 30 3302 5
575 39 389 5
576 50 4052 5
577 37 2763 5
578 78 3127 5
579 62 2361 5
580 28 1900 5
581 32 3030 5
582 67 1302 5
583 24 4544 5
584 21 4691 5
585 61 3510 5
586 76 3068 5
587 39 4830 5
588 69 1221 5
589 23 4153 5
590 43 2308 5
591 39 1071 5
592 53 4982 5
593 29 4384 5
594 34 1095 5
595 53 388 5
596 46 1369 5
597 57 3012 5
598 66 3246 5
599 42 3879 5
600 70 4035 6
601 24 1134 6
602 75 3862 6
603 26 3669 6
604 48 1577 6
605 30 4767 6
606 49 3137 6
607 37 783 6
608 46 1789 6
609 59 4021 6
610 39 2270 6
611 70 4691 6
612 48 1863 6
613 43 1042 6
614 72 3058 6
615 56 3585 6
616 67 1302 6
617 71 405 6
618 32 1349 6
619 57 437 6
620 45 761 6
621 29 2620 6
622 21 1004 6
623 69 1588 6
624 43 1469 6
625 28 1905 6
626 20 2621 6
627 24 162 6
628 30 2145 6
629 34 4362 6
630 30 3535 6
631 32 4073 6
632 49 4676 6
633 43 3464 6
634 77 3868 6
635 69 465 6
636 68 1780 6
637 76 1485 6
638 42 4940 6
639 53 954 6
640 35 4807 6
641 32 85 6
642 27 4345 6
643 76 1230 6
644 20 1644 6
645 78 803 6
646 29 2795 6
647 42 4738 6
648 72 2433 6
649 67 3676 6
650 40 503 6
651 48 871 6
652 66 855 6
653 48 2388 6
654 60 4887 6
655 34 3848 6
656 37 1003 6
657 32 123 6
658 45 504 6
659 50 4868 6
660 76 1543 6
661 26 119 6
662 68 298 6
663 54 4705 6
664 59 2156 6
665 61 2703 6
666 46 3106 6
667 65 4590 6
668 29 22 6
669 36 788 6
670 58 156 6
671 66 2983 6
672 50 3894 6
673 36 3997 6
674 28 2235 6
675 55 4774 6
676 54 634 6
677 23 2494 6
678 78 2189 6
679 72 3354 6
680 61 2580 6
681 47 1836 6
682 66 6 6
683 67 2263 6
684 74 4222 6
685 42 1198 6
686 22 2447 6
687 56 2820 6
688 51 3124 6
689 71 4731 6
690 35 469 6
691 33 2629 6
692 60 4079 6
693 55 2592 6
694 64 155 6
695 65 2367 6
696 31 2635 6
697 24 1388 6
698 45 4384 6
699 74 880 6
700 39 2367 6
701 78 179 6
702 21 632 6
703 32 1871 6
704 67 3532 6
705 51 3270 6
706 32 2482 6
707 55 2168 6
708 53 110 6
709 49 4937 6
710 69 1698 6
711 47 2840 6
712 47 1193 6
713 36 907 6
714 30 3301 6
715 77 4902 6
716 48 2167 6
717 18 2559 6
718 68 3609 6
719 40 2838 6
720 31 2912 2
721 46 4389 2
722 80 4352 2
723 53 1918 3
724 64 1501 5
725 22 3133 2
726 37 3344 1
727 66 895 2
728 22 357 3
729 57 2478 1
730 32 4994 4
731 32 2697 3
732 55 1750 3
733 51 1564 3
734 78 912 1
735 32 3337 3
736 49 8 3
737 78 290 3
738 73 1307 2
739 36 4063 5
740 78 1410 6
741 63 2295 3
742 32 1280 6
743 69 1828 4
744 28 134 1
745 75 951 3
746 57 2092 3
747 47 1234 5
748 60 4680 5
749 54 740 5
750 51 2499 6
751 26 4587 5
752 49 1402 2
753 25 612 5
754 18 2293 3
755 37 4403 1
756 23 1576 5
757 52 2355 2
758 47 3942 3
759 35 4343 5
760 69 1920 4
761 66 3118 2
762 61 911 1
763 63 268 1
764 80 2209 6
765 32 1582 1
766 30 3409 5
767 63 4963 5
768 36 3293 1
769 23 2638 6
770 60 4641 2
771 52 2216 2
772 19 3539 4
773 68 4548 1
774 24 2587 4
775 63 2394 4
776 25 4143 4
777 25 2075 2
778 55 4402 1
779 77 3981 3
780 67 2909 6
781 38 1006 3
782 51 4531 3
783 22 2091 5
784 40 1188 5
785 73 4448 4
786 51 732 4
787 48 3526 4
788 62 2302 3
789 45 4298 5
790 55 3011 6
791 22 1462 1
792 23 2177 2
793 68 165 5
794 59 4816 6
795 53 1853 6
796 22 4303 1
797 59 1535 1
798 35 1741 3
799 48 3054 1
800 67 163 6
801 71 4325 1
802 25 381 2
803 74 2295 2
804 42 4996 5
805 41 543 6
806 45 871 5
807 37 4131 4
808 36 3187 4
809 65 960 1
810 73 1782 3
811 53 2321 6
812 46 3584 3
813 41 2004 3
814 38 964 3
815 33 1106 4
816 32 3000 6
817 65 3304 5
818 61 1196 6
819 73 1328 1
820 72 4636 5
821 43 3560 6
822 48 3709 3
823 74 3209 6
824 59 4219 6
825 25 414 2
-999 -999 -999 -999
